start=896.458333
speed=2.143589
pause=yes
