start=39.541667
speed=2.143589
volume=105.000000
