start=490.000000
volume=68.000000
