start=119.875000
speed=1.610510
pause=yes
brightness=13
sub-visibility=no
