start=189.875000
speed=1.610510
