start=629.000000
speed=1.771561
